# Created by Octave 6.2.0, Thu Jun 10 11:32:33 2021 GMT <unknown@DESKTOP-DUVPBLK>
# name: A
# type: matrix
# rows: 6
# columns: 3
 -0.5 0 0
 0 -0.5 0
 0 0 -0.5
 0.16666666666666663 0 0
 0 0 0.16666666666666663
 5.5511151231257827e-17 0.16666666666666669 0


