# Created by Octave 6.2.0, Thu Jun 10 11:31:37 2021 GMT <unknown@DESKTOP-DUVPBLK>
# name: b
# type: matrix
# rows: 8
# columns: 1
 0.49999999999999994
 0.50000000000000022
 0.16666666666666688
 0.16666666666666666
 0.24999999999999992
 0.24999999999999961
 0.25000000000000039
 0.25


