# Created by Octave 6.2.0, Wed Jun 30 15:02:24 2021 GMT <unknown@DESKTOP-DUVPBLK>
# name: b
# type: matrix
# rows: 128
# columns: 1
 0.22547770700636766
 0.28109589041095778
 0.33084112149533945
 0.24073205068043302
 0.47194112235510549
 0.46796657381615631
 0.47623318385650293
 0.50523311132254878
 0.33586337760910867
 0.44327176781002708
 0.37527432333577115
 0.41075794621026895
 0.48979591836734893
 0.41471301535974159
 0.41712490180675549
 0.30939226519336893
 0.39015429831006565
 0.3537641572285104
 0.37752808988764219
 0.34060295060936885
 0.32636754763368181
 0.56190476190476057
 0.35423615743829184
 0.48137535816618959
 0.31878557874762753
 0.26536731634182859
 0.56571428571428428
 0.42222222222222178
 0.3018760659465608
 0.32636754763368153
 0.28868880135059161
 0.44327176781002714
 0.29704690214244361
 0.34215885947046754
 0.34874235214139993
 0.29320817228050755
 0.40617577197149635
 0.44562334217506683
 0.38450398262128826
 0.28426395939086241
 0.55102040816326414
 0.32042473454091164
 0.24640371229698338
 0.25273679200380716
 0.41138732959101809
 0.33757151938970098
 0.28078817733989764
 0.41258741258741399
 0.33973128598848301
 0.52615384615384508
 0.27050433010697905
 0.37931034482758613
 0.30017554125219448
 0.26133469179826851
 0.44066390041493592
 0.33727810650887513
 0.52522255192878842
 0.58934517203107817
 0.27406199021207162
 0.47826086956521829
 0.45039508340649625
 0.46294681778552582
 0.31364441819255784
 0.30962099125364462
 0.45423438836612506
 0.52941176470587981
 0.41673436230706729
 0.46027397260273972
 0.32920024798512187
 0.51295336787564627
 0.32717190388170109
 0.30461538461538429
 0.35517970401691279
 0.41843971631205423
 0.26053834433722828
 0.35799023028611232
 0.29840142095914812
 0.23929698062190205
 0.37200870195794011
 0.6085409252669034
 0.28915662650602514
 0.32358318098720318
 0.24866698982065052
 0.48695652173913062
 0.43734015345268573
 0.38600451467268881
 0.48054298642533955
 0.34060295060936485
 0.28915662650602414
 0.2775744903293258
 0.48979591836734665
 0.27317073170731743
 0.40877598152424793
 0.29808251016850612
 0.35999999999999899
 0.43218197135636105
 0.29670329670329593
 0.46594005449591158
 0.39431206764027671
 0.42446043165467667
 0.28235294117647103
 0.26300148588410055
 0.32695984703632985
 0.23361196656401231
 0.3525773195876285
 0.27986906710311038
 0.34685598377281912
 0.46701846965699206
 0.28289824187533286
 0.43585386576040741
 0.43417825020441458
 0.37363437727603832
 0.2403433476394852
 0.25516578567996151
 0.46763901549680936
 0.464253393665159
 0.33551340745585245
 0.44327176781002631
 0.30996978851963752
 0.39310344827586247
 0.33788395904436841
 0.22376738305941854
 0.30922242314647386
 0.26121372031662327
 0.5778019586507066
 0.31832797427652726
 0.26677067082683287
 0.25358378645575874


