# Created by Octave 6.2.0, Wed Jun 09 16:25:46 2021 GMT <unknown@DESKTOP-DUVPBLK>
# name: b
# type: matrix
# rows: 96
# columns: 1
 0.20689655172413784
 0.24657534246575336
 0.31578947368421001
 0.24657534246575258
 0.48648648648648657
 0.48648648648648563
 0.5806451612903224
 0.43902439024390283
 0.35294117647058804
 0.54545454545454541
 0.39999999999999997
 0.31578947368421101
 0.39999999999999997
 0.33962264150943378
 0.26865671641791034
 0.30508474576271161
 0.33962264150943394
 0.31578947368421029
 0.33962264150943366
 0.29508196721311497
 0.27692307692307766
 0.31578947368421029
 0.30508474576271288
 0.30508474576271116
 0.3272727272727271
 0.43902439024390189
 0.31578947368420984
 0.43902439024390205
 0.46153846153846168
 0.24000000000000016
 0.26086956521739069
 0.35294117647058798
 0.40000000000000047
 0.27692307692307705
 0.29508196721311419
 0.29508196721311525
 0.4864864864864854
 0.48648648648648668
 0.32727272727272777
 0.26086956521739035
 0.38297872340425532
 0.54545454545454619
 0.43902439024390238
 0.31578947368421068
 0.43902439024390133
 0.25352112676056371
 0.28571428571428548
 0.46153846153846212
 0.30508474576271188
 0.39999999999999958
 0.48648648648648696
 0.23999999999999944
 0.21686746987951783
 0.33962264150943267
 0.339622641509434
 0.38297872340425587
 0.32727272727272722
 0.26865671641791045
 0.41860465116279072
 0.38297872340425537
 0.38297872340425565
 0.30508474576271227
 0.4615384615384614
 0.41860465116279094
 0.43902439024390266
 0.27692307692307722
 0.24657534246575247
 0.35294117647058709
 0.46153846153846168
 0.2857142857142862
 0.58064516129032384
 0.27692307692307688
 0.26865671641791078
 0.25352112676056376
 0.31578947368421029
 0.39999999999999936
 0.41860465116279122
 0.35294117647058743
 0.33962264150943344
 0.22784810126582233
 0.24657534246575324
 0.22784810126582244
 0.48648648648648507
 0.32727272727272655
 0.39999999999999919
 0.30508474576271194
 0.29508196721311569
 0.418604651162792
 0.46153846153845901
 0.26865671641791156
 0.25352112676056537
 0.25352112676056571
 0.31578947368421312
 0.21686746987951813
 0.20689655172413696
 0.46153846153846045


