# Created by Octave 6.2.0, Wed Jun 09 16:31:38 2021 GMT <unknown@DESKTOP-DUVPBLK>
# name: b
# type: matrix
# rows: 698
# columns: 1
 15
 15
 15
 24.599999999999998
 4.999999999999992
 8.1999999999999993
 5.0000000000000053
 5.0000000000000107
 9.9999999999999929
 9.9999999999999911
 9.9999999999999964
 9.9999999999999876
 9.9999999999999805
 8.2000000000000028
 9.8800000000000008
 9.8799999999999724
 5.2857142857143007
 5.2857142857142927
 9.8800000000000008
 5.2857142857142856
 8.9000000000000057
 8.9000000000000057
 8.4857142857142556
 8.9000000000000075
 9.0666666666666593
 9.0666666666666629
 9.0666666666666611
 9.0666666666666629
 6.5999999999999996
 11.000000000000002
 5.4400000000000057
 10.999999999999982
 9.0666666666666682
 10.999999999999989
 9.0666666666666753
 5.439999999999988
 10.999999999999998
 14.333333333333318
 6.5999999999999908
 6.6000000000000023
 14.333333333333293
 9.999999999999984
 6.599999999999989
 5.4400000000000004
 5.9333333333333345
 9.8800000000000026
 6.6000000000000014
 8.8999999999999968
 10.999999999999993
 8.5999999999999996
 8.4857142857142822
 8.4857142857142929
 4.7142857142857117
 9.6857142857142886
 10.733333333333331
 9.6909090909090931
 8.0000000000000053
 9.8800000000000043
 5.2857142857142803
 4.4500000000000002
 6.1428571428571441
 9.6857142857142868
 10.733333333333327
 9.6909090909090914
 7.9999999999999876
 8.5999999999999961
 11
 7.9999999999999902
 10.733333333333329
 8.600000000000005
 8.4857142857142911
 9.6909090909091002
 9.6857142857142815
 5.2857142857142847
 4.4500000000000002
 6.1428571428571423
 9.6857142857142868
 10.733333333333327
 9.6909090909090914
 8.0000000000000018
 9.0666666666666718
 11.88000000000001
 9.25
 11.879999999999992
 5.4399999999999924
 7.0571428571428516
 6.8000000000000025
 9.2499999999999964
 9.2499999999999822
 11.879999999999981
 6.5999999999999952
 6.6000000000000014
 7.072727272727275
 7.0571428571428498
 6.142857142857129
 5.0000000000000036
 6.1666666666666652
 6.6000000000000139
 7.4000000000000004
 5.4888888888888898
 7.0571428571428587
 9.6857142857142851
 10.733333333333327
 9.6909090909090807
 8.9692307692307622
 8.6444444444444422
 8.9692307692307658
 8.6444444444444422
 8.8999999999999968
 9.8799999999999901
 4.9999999999999982
 5.4888888888888907
 4.5692307692307663
 10.249999999999991
 9.6666666666666554
 8.7818181818181635
 6.599999999999997
 7.0727272727272759
 4.7142857142857171
 6.8000000000000025
 4.9199999999999999
 6.7999999999999945
 10.666666666666675
 10.250000000000007
 9.2500000000000053
 9.6666666666666696
 8.7818181818181795
 8.9692307692307747
 8.9692307692307747
 8.644444444444451
 10.73333333333334
 9.6909090909091002
 9.6857142857142886
 6.5999999999999925
 8.78181818181816
 8.6444444444444422
 8.9692307692307658
 8.4999999999999982
 8.5
 8.8999999999999986
 10.25
 9.6666666666666696
 4.7142857142857109
 6.7999999999999936
 4.9199999999999982
 6.7999999999999954
 10.25
 9.6666666666666679
 6.5999999999999934
 8.7818181818181653
 8.1999999999999815
 10.599999999999991
 14.333333333333277
 11.1142857142857
 8.2000000000000064
 10.600000000000014
 12.749999999999989
 12.750000000000018
 6.8000000000000167
 5.4888888888888943
 6.4400000000000022
 6.4400000000000075
 7.1066666666666656
 7.5333333333333314
 10.599999999999994
 8.2000000000000171
 8.1999999999999886
 10.599999999999962
 12.749999999999908
 7.4615384615384626
 9.25
 7.4615384615384599
 9.25
 8.5999999999999925
 5.2857142857142883
 7.3999999999999986
 6.4399999999999995
 6.4400000000000031
 6.7999999999999865
 6.7999999999999954
 6.1428571428571468
 4.9999999999999902
 6.1428571428571308
 8.8999999999999932
 7.9999999999999769
 8.7818181818181671
 7.1066666666666709
 5.1176470588235308
 5.6823529411764699
 7.5333333333333323
 6.4400000000000004
 6.4399999999999977
 10.66666666666667
 10.249999999999998
 9.6666666666666643
 9.2500000000000018
 8.8181818181818148
 8.5
 9.2499999999999947
 8.8181818181818183
 8.5
 6.6000000000000005
 6.6000000000000014
 5.4399999999999977
 5.6823529411764753
 5.0842105263157862
 6.1636363636363605
 5.399999999999995
 4.4909090909090903
 4.5333333333333359
 4.9199999999999999
 7.9999999999999991
 5.0000000000000009
 8.7818181818181866
 6.1428571428571486
 5.9333333333333318
 4.9999999999999973
 4.5714285714285694
 8.199999999999994
 5.9333333333333318
 6.8588235294117634
 4.7777777777777803
 8.1999999999999922
 6.858823529411759
 5.9333333333333353
 8.9692307692307658
 7.5333333333333252
 9.25
 8.8181818181818183
 8.5
 10.666666666666666
 9.25
 9.6666666666666643
 10.250000000000002
 8.781818181818176
 7.4307692307692319
 6.8000000000000043
 7.5333333333333421
 8.4999999999999929
 9.2499999999999822
 8.644444444444435
 8.644444444444435
 5.4888888888889067
 4.5714285714285783
 8.2000000000000064
 5.9333333333333433
 6.8588235294117776
 4.7777777777777857
 8.2000000000000117
 6.8588235294117741
 5.4000000000000119
 8.7818181818181813
 7.4307692307692328
 5.6105263157894694
 7.5333333333333314
 9.2499999999999858
 12.749999999999986
 12.750000000000004
 12.749999999999998
 10.777777777777787
 9.0666666666666842
 11.114285714285717
 7.106666666666686
 8.6000000000000014
 5.6823529411764691
 6.1636363636363658
 5.9333333333333274
 6.4000000000000288
 7.5333333333333563
 7.4000000000000155
 6.8333333333333401
 9.0666666666666771
 7.9090909090909456
 9.0666666666666949
 6.5999999999999854
 7.399999999999987
 7.5333333333333368
 10.599999999999982
 8.1999999999999886
 8.6000000000000014
 7.4000000000000012
 7.533333333333335
 10.6
 8.2000000000000011
 7.0727272727272634
 8.2000000000000082
 5.4888888888888916
 7.1066666666666665
 7.7733333333333405
 6.4000000000000012
 7.5333333333333341
 8.1999999999999922
 6.8588235294117599
 8.1999999999999869
 7.5333333333333208
 6.8588235294117696
 5.6105263157894756
 6.2705882352941078
 6.1368421052631437
 5.5523809523809611
 6.8000000000000131
 8.7818181818181564
 6.1636363636363596
 7.4307692307691999
 7.533333333333327
 6.799999999999998
 5.2857142857142847
 4.7142857142857135
 5.2153846153846146
 5.333333333333333
 6.1636363636363622
 7.9090909090909056
 6.4000000000000004
 6.8333333333333357
 8.4857142857142911
 6.1636363636363516
 7.4307692307692328
 8.781818181818192
 5.6105263157894711
 6.8000000000000069
 6.1666666666666705
 7.4307692307692399
 8.7818181818181777
 5.9333333333333353
 5.2153846153846155
 5.0761904761904741
 5.3333333333333321
 5.857142857142847
 6.6923076923076987
 5.9846153846153864
 4.5999999999999996
 4.71428571428571
 4.6347826086956498
 4.5200000000000014
 4.4500000000000002
 4.7777777777777777
 5.3999999999999986
 4.7777777777777795
 8.7818181818181813
 6.163636363636348
 7.4307692307692417
 4.7777777777777777
 8.8999999999999968
 6.1428571428571352
 4.6249999999999973
 5.076190476190475
 5.6105263157894729
 7.5333333333333492
 7.2857142857142856
 5.4888888888888951
 6.6000000000000032
 5.6105263157894951
 4.7777777777777954
 4.5333333333333332
 5.5523809523809486
 5.0761904761904688
 4.7142857142857135
 4.5999999999999996
 5.9846153846153873
 6.1636363636363525
 7.4000000000000181
 4.9999999999999973
 5.1866666666666585
 4.5692307692307699
 7.4000000000000012
 5.9846153846153829
 8.8181818181818077
 7.9090909090908994
 7.0571428571428685
 8.2000000000000099
 10.666666666666663
 7.5333333333333314
 6.1636363636363569
 6.2705882352941265
 6.4666666666666703
 7.0571428571428658
 7.9090909090909101
 8.1999999999999957
 8.8181818181818201
 8.8181818181818183
 5.6823529411764708
 5.084210526315788
 4.6000000000000068
 5.9846153846153882
 7.4000000000000004
 5.0695652173913075
 4.6250000000000018
 4.5692307692307716
 5.4000000000000092
 7.5333333333333332
 7.4000000000000066
 5.9846153846154007
 5.9333333333333407
 10.666666666666671
 7.5333333333333377
 7.0571428571428623
 5.4400000000000022
 7.9090909090908967
 8.2000000000000046
 11.11428571428571
 11.114285714285721
 11.114285714285714
 10.777777777777779
 7.4000000000000039
 8.1999999999999922
 7.7733333333333299
