# Created by Octave 6.2.0, Wed Jun 30 15:20:25 2021 GMT <unknown@DESKTOP-DUVPBLK>
# name: b
# type: matrix
# rows: 170
# columns: 1
 0.8831168831168823
 0.22004132231404977
 0.3093078758949882
 0.2943722943722944
 0.24554755589238444
 0.4636363636363699
 0.52205882352941202
 0.3841807909604516
 0.41682974559686964
 0.42178217821782182
 0.42380640941791919
 0.31380145278450328
 0.4605543710021317
 0.3782837127845875
 0.32677760968229874
 0.44720496894409911
 0.42659644502962579
 0.33649289099526158
 0.40340909090909077
 0.34267583289264897
 0.38140082401412567
 0.5238480194017775
 0.29379310344827547
 0.40729101194217399
 0.29847996315062197
 0.31259044862518054
 0.38586956521739096
 0.30127298444130129
 0.29387755102040813
 0.24278756088422659
 0.44906444906445042
 0.31981981981981966
 0.51573849878934575
 0.30153559795253754
 0.46103896103896497
 0.34577922077922074
 0.60845070422535175
 0.36660929432013695
 0.29542302357836125
 0.41405750798722052
 0.39681567666870732
 0.4015748031496062
 0.33247819394561307
 0.52463054187192104
 0.46916299559471281
 0.23202614379085007
 0.45156794425087532
 0.42148760330578638
 0.36302521008403432
 0.30153559795253615
 0.4561027837259094
 0.42236024844720527
 0.33774834437086088
 0.41038632045598422
 0.39999999999999952
 0.26020408163265157
 0.33908948194662469
 0.54336734693877564
 0.48035581912527797
 0.31481481481481366
 0.49427917620137518
 0.53652392947103222
 0.31079136690647463
 0.32095096582466653
 0.26832298136645949
 0.38732815301853085
 0.46813186813186836
 0.27413127413127414
 0.26076458752515097
 0.38411381149970386
 0.5
 0.2943722943722944
 0.32546459065796107
 0.27192614351657562
 0.2727272727272726
 0.42178217821782149
 0.40417457305502758
 0.32416208104051958
 0.35032894736842091
 0.31687041564792162
 0.56792287467134028
 0.43577673167451014
 0.26503067484662546
 0.52463054187192082
 0.31594344222330545
 0.40417457305502863
 0.36965202509982886
 0.39534883720930258
 0.29583333333333356
 0.51012145748987592
 0.3944004869141815
 0.4935262757044952
 0.37784256559766727
 0.29202343397927
 0.24738675958188136
 0.38035714285714228
 0.42857142857142766
 0.38230088495575199
 0.37302977232924639
 0.69453376205787354
 0.65284974093264381
 0.42772277227722721
 0.30255681818181773
 0.31231671554252122
 0.43754220121539444
 0.32611977856064323
 0.25765407554671949
 0.26167076167076153
 0.40173589584624897
 0.50038610038609943
 0.42659644502962574
 0.41618497109826463
 0.52897959183673593
 0.26224200728450142
 0.33116883116883122
 0.31811487481590772
 0.24941451990632296
 0.4003759398496245
 0.31277533039647465
 0.37391806116560783
 0.36180904522612911
 0.22523461939520262
 0.34521880064829819
 0.30783847980997603
 0.44232081911262555
 0.58962693357597451
 0.3246951219512193
 0.50038610038610043
 0.22889438361003189
 0.60504201680672032
 0.44720496894409906
 0.46608315098468339
 0.46840148698884909
 0.47058823529411981
 0.37696335078534132
 0.45415778251599098
 0.32254853160776531
 0.2957553628480144
 0.29831932773109238
 0.25785913251094311
 0.36020011117287365
 0.52048192771084323
 0.46004319654427578
 0.32254853160776431
 0.30294530154278354
 0.2624544349939244
 0.22895622895622894
 0.3335048893463709
 0.27662337662337655
 0.26076458752515086
 0.30127298444130168
 0.41887524240465351
 0.33245382585751948
 0.42270058708414837
 0.42436149312377291
 0.29793103448275859
 0.27483870967741919
 0.40223463687151029
 0.34015748031496151
 0.37777777777777671
 0.24206200971236475
 0.36507042253521005
 0.24652777777777685
 0.36311239193083555
 0.24425179042593378
 0.2686567164179125
 0.29765732659623972
 0.25461689587426495
 0.31421446384039853
 0.22108495394063454


