# Created by Octave 6.2.0, Wed Jun 09 17:53:30 2021 GMT <unknown@DESKTOP-DUVPBLK>
# name: b
# type: matrix
# rows: 1248
# columns: 1
 0.3061224489795919
 0.30612244897959229
 0.7142857142857143
 0.47169811320754729
 0.51724137931034497
 0.47169811320754734
 0.47169811320754729
 0.51724137931034508
 0.63025210084033589
 0.74257425742574279
 0.63025210084033667
 0.65217391304347749
 0.67567567567567544
 0.68807339449541283
 0.65217391304347838
 0.40540540540540565
 0.44910179640718578
 0.67567567567567555
 0.3393665158371042
 0.39267015706806319
 0.33936651583710431
 0.46012269938650296
 0.39682539682539719
 0.43352601156069359
 0.47770700636942687
 0.39682539682539686
 0.68807339449541383
 0.63025210084033667
 0.52447552447552437
 0.64102564102564119
 0.72815533980582547
 0.66371681415929229
 0.63025210084033645
 0.40983606557377072
 0.43352601156069376
 0.51724137931034597
 0.33936651583710414
 0.3886010362694301
 0.60975609756097537
 0.51724137931034464
 0.33039647577092529
 0.71428571428571419
 0.68807339449541305
 0.55555555555555569
 0.32188841201716756
 0.78947368421052722
 0.37313432835820876
 0.36585365853658536
 0.43352601156069398
 0.6097560975609756
 1.0273972602739725
 0.53191489361702082
 0.47770700636942659
 0.7425742574257419
 0.39267015706806313
 0.6521739130434776
 0.47770700636942642
 0.47169811320754712
 0.39267015706806246
 0.6198347107438017
 0.64102564102564097
 0.68807339449541283
 0.6880733944954126
 0.40983606557377061
 0.61983471074380192
 0.49019607843137269
 0.61983471074380214
 0.71428571428571419
 0.64102564102564075
 0.68807339449541338
 0.61983471074380181
 0.35211267605633773
 0.33039647577092518
 0.4601226993865033
 0.51724137931034497
 0.33039647577092518
 0.33039647577092507
 0.48387096774193583
 0.60975609756097571
 0.6880733944954126
 0.57251908396946516
 0.6097560975609756
 0.51724137931034475
 0.53956834532374198
 0.39267015706806296
 0.33333333333333337
 0.40983606557377045
 0.3061224489795919
 0.78947368421052677
 0.64102564102564119
 0.64102564102564152
 0.70093457943925241
 0.74257425742574279
 0.40540540540540537
 0.51724137931034475
 0.35545023696682487
 0.4335260115606937
 0.30612244897959162
 0.74257425742574268
 0.7575757575757579
 0.51724137931034508
 1.0273972602739727
 0.47770700636942698
 0.53191489361702127
 0.51020408163265318
 0.33039647577092546
 0.44910179640718562
 0.61983471074380192
 0.32188841201716722
 0.51020408163265341
 1.0273972602739727
 0.47169811320754745
 0.65217391304347783
 0.38860103626943049
 0.51724137931034453
 0.36231884057970987
 0.47169811320754684
 0.77319587628865938
 0.47770700636942676
 0.46012269938650319
 0.51020408163265318
 0.4545454545454547
 0.63025210084033678
 0.35211267605633817
 0.55555555555555591
 0.63025210084033667
 0.68807339449541294
 0.61983471074380125
 0.70093457943925219
 0.65217391304347816
 0.71428571428571408
 0.35885167464114853
 0.37688442211055273
 0.4838709677419355
 0.49019607843137258
 0.60975609756097593
 0.68807339449541305
 0.65217391304347827
 0.72815533980582581
 0.70093457943925286
 0.65217391304347871
 0.67567567567567655
 0.6097560975609756
 0.36231884057971014
 0.48387096774193583
 0.38461538461538491
 0.61983471074380225
 0.5725190839694656
 0.4545454545454547
 0.61983471074380214
 0.53956834532374132
 0.35545023696682465
 0.30864197530864207
 0.40540540540540548
 0.47169811320754707
 0.6097560975609756
 0.80645161290322587
 0.60975609756097582
 0.61983471074380225
 0.6097560975609756
 0.4838709677419355
 0.57251908396946594
 0.61983471074380148
 0.63025210084033634
 0.55555555555555569
 0.63025210084033578
 0.40983606557377061
 0.57251908396946605
 0.43352601156069404
 0.34246575342465757
 0.40540540540540582
 0.35885167464114842
 0.37688442211055256
 0.30864197530864224
 0.72815533980582525
 0.64102564102564086
 0.65217391304347838
 0.63025210084033612
 0.68807339449541305
 0.65217391304347827
 0.72815533980582559
 0.45454545454545436
 0.3424657534246574
 0.34246575342465774
 0.35885167464114831
 0.30864197530864201
 0.31645569620253167
 0.3086419753086419
 0.32188841201716761
 0.71428571428571441
 0.80645161290322598
 0.74257425742574257
 0.80645161290322609
 0.47770700636942798
 0.47169811320754729
 0.65217391304347827
 0.92592592592592682
 0.82417582417582369
 0.63025210084033634
 0.47169811320754723
 0.34246575342465757
 0.38860103626942999
 0.30864197530864212
 0.57251908396946571
 0.49019607843137242
 0.6097560975609756
 0.54744525547445255
 0.31380753138075329
 0.33039647577092524
 0.37313432835820898
 0.41436464088397784
 0.51020408163265296
 0.74257425742574368
 0.92592592592592649
 0.43859649122806976
 0.46583850931677023
 0.46012269938650263
 0.77319587628865993
 0.49668874172185484
 0.39267015706806258
 0.51020408163265307
 0.51724137931034508
 0.39682539682539664
 0.48387096774193539
 0.72815533980582581
 0.43859649122807015
 0.39267015706806291
 0.39267015706806291
 0.65217391304347805
 0.54744525547445289
 0.39267015706806307
 0.55555555555555625
 0.43352601156069376
 0.47169811320754729
 0.3926701570680628
 0.74257425742574357
 0.47770700636942676
 0.46012269938650313
 0.68807339449541305
 0.64102564102564186
 0.57251908396946594
 0.50335570469798663
 0.60975609756097549
 0.71428571428571463
 0.70093457943925275
 0.65217391304347871
 0.61983471074380214
 0.60975609756097593
 0.63025210084033678
 0.63025210084033656
 0.67567567567567621
 0.66371681415929284
 0.72815533980582647
 0.72815533980582514
 0.43352601156069398
 0.35885167464114803
 0.3694581280788185
 0.42857142857142871
 0.5555555555555558
 0.75757575757575768
 0.60975609756097571
 0.74257425742574268
 0.71428571428571463
 0.64102564102564075
 0.66371681415929207
 0.68807339449541294
 0.60975609756097615
 0.41436464088397768
 0.32467532467532439
 0.39682539682539708
 0.47770700636942676
 0.47169811320754729
 0.51020408163265274
 0.4545454545454547
 0.3768844221105529
 0.53191489361702127
 0.57251908396946594
 0.66371681415929229
 0.61983471074380214
 0.63025210084033645
 0.5555555555555558
 0.50335570469798718
 0.60975609756097582
 0.63025210084033678
 0.45454545454545481
 0.32467532467532478
 0.30612244897959162
 0.32188841201716717
 0.41436464088397806
 0.40983606557377039
 0.51020408163265274
 0.61983471074380203
 0.48387096774193566
 0.68807339449541305
 0.71428571428571419
 0.78947368421052622
 0.51020408163265318
 0.6410256410256403
 0.5319148936170216
 0.57251908396946505
 0.57251908396946583
 0.6198347107438017
 0.6198347107438017
 0.60975609756097537
 0.54744525547445255
 0.68807339449541394
 0.50335570469798652
 0.48387096774193622
 0.60975609756097526
 0.61983471074380125
 0.47169811320754695
 0.57251908396946516
 0.41899441340782084
 0.37688442211055245
 0.32188841201716717
 0.39682539682539697
 0.43352601156069381
 0.33039647577092535
 0.37313432835820898
 0.30364372469635631
 0.68807339449541283
 0.74257425742574268
 0.80645161290322565
 0.61983471074380114
 0.66371681415929262
 0.63025210084033578
 0.60975609756097526
 0.7142857142857153
 0.67567567567567544
 0.66371681415929196
 0.64102564102564086
 0.68807339449541272
 0.7142857142857153
 0.46012269938650308
 0.53956834532374087
 0.39682539682539686
 0.3658536585365858
 0.32467532467532478
 0.37688442211055284
 0.3886010362694301
 0.31645569620253167
 0.30364372469635637
 0.33936651583710398
 0.32188841201716722
 0.33039647577092524
 0.30364372469635659
 0.31380753138075312
 0.33936651583710425
 0.31645569620253167
 0.6880733944954136
 0.78947368421052688
 0.75757575757575835
 0.47770700636942703
 0.38860103626943004
 0.49668874172185451
 1.0273972602739727
 0.75757575757575746
 0.72815533980582559
 0.64102564102564119
 0.65217391304347816
 0.47169811320754695
 0.74257425742574268
 0.36231884057971014
 0.31645569620253167
 0.37313432835820887
 0.34562211981566815
 0.49019607843137258
 0.54744525547445244
 0.64102564102564075
 0.66371681415929185
 0.57251908396946583
 0.4838709677419355
 0.49019607843137264
 0.54744525547445277
 0.30864197530864196
 0.35545023696682448
