# Created by Octave 6.2.0, Wed Jun 09 12:08:49 2021 GMT <unknown@DESKTOP-DUVPBLK>
# name: b
# type: matrix
# rows: 26
# columns: 1
 1.9999999999999998
 2
 2.0000000000000004
 1.9999999999999996
 0.49999999999999994
 0.50000000000000011
 0.66666666666666674
 0.66666666666666674
 1.5
 0.99999999999999911
 0.99999999999999978
 1.0000000000000004
 0.99999999999999967
 1.5
 0.6000000000000002
 0.59999999999999931
 1.0000000000000004
 1.0000000000000004
 0.74999999999999922
 0.6000000000000002
 0.74999999999999989
 0.5999999999999992
 0.99999999999999956
 0.66666666666666852
 1.0000000000000009
 0.66666666666666696


