# Created by Octave 6.2.0, Wed Jun 09 12:14:29 2021 GMT <unknown@DESKTOP-DUVPBLK>
# name: b
# type: matrix
# rows: 24
# columns: 1
 0.25000000000000033
 0.49999999999999956
 0.24999999999999961
 0.25000000000000033
 0.33333333333333337
 0.33333333333333282
 0.49999999999999928
 0.33333333333333381
 0.49999999999999989
 0.50000000000000033
 0.50000000000000033
 0.49999999999999911
 0.33333333333333259
 0.50000000000000011
 0.33333333333333337
 0.33333333333333337
 0.33333333333333337
 0.33333333333333343
 0.33333333333333348
 0.33333333333333354
 0.49999999999999994
 0.33333333333333337
 0.33333333333333348
 0.5


