# Created by Octave 6.2.0, Thu Jun 10 11:32:33 2021 GMT <unknown@DESKTOP-DUVPBLK>
# name: b
# type: matrix
# rows: 6
# columns: 1
 0.5
 0.5
 0.5
 0.16666666666666607
 0.16666666666666652
 0.16666666666666674


